[[200.         200.        ]
 [211.09605408 222.7194519 ]
 [228.03543091 264.87701416]
 [197.43731689 293.89846802]
 [182.14077759 317.775177  ]
 [159.32406616 371.3074646 ]
 [139.66113281 419.8248291 ]
 [131.71101379 471.88601685]
 [152.25454712 513.9074707 ]
 [182.44032288 565.56176758]
 [203.23641968 599.13598633]
 [233.50061035 639.56390381]
 [284.55154419 667.46130371]
 [321.36947632 680.80657959]
 [347.38699341 690.05773926]
 [368.93048096 745.71087646]
 [366.20016479 803.33837891]
 [370.         840.        ]]
